468

8212112, 8211821221211, 283

8212112, 8128216, 263, 2.81

8212112, Τ822122, 283
8111861681ξέ 111528 1122311121 21 82121,
82222123 1111111 1461.

821221216, 211122, 461.

82181222211112, Bp. 21 ,3, 3, 44.
821211232, 1111112111 6,3.

826121612811, 112112 21, 181.
8222122182 16222121461.
82331113121111, 223, 233.
8211132, 1111112111, 361.
8212122, 51231822, 197.
82221, 1282 ,,131 149.
82221, 8211122273.
821121,1121121,197.

Bere, 12112 62, 89
8212, 1112112211 62 ,89.

1111111111

8212, 1121221122 62 33

82128, Richard, 231.

821312, 282 21, 461.

roffi 1111111711 137. 132

8211122,1)12212111221, 13.

821112,12,11122 229

821112, Thomas, 229

8211121111112111, 229.

1281121461.

8211681162, 812318211, 439.

82121226, 1112821112, 29

812221221, 82131862 437.

812821, 8118211, 177.

8133126212, 446.

813312 811221, 31, 446.

8133111 ward 29, 31, 129, 446.

8123112111, 12811, 281, 462.

8123123, 12112, 461, 462.

81128123122,181,329.

811281231211,11118211112,181,329.

8828123122, S. John, 181, 329

811281231211881282122181.

811281231211,8.Ρ2121, 18139

81211231, 1111112111, 39

8128231, 8112122221 London,.

81211231, 121111, Α831. 21 6221218213,

47

INDEX

81211231, 122221122 218218, 3, 5, 44.
8128231, Η21113 21 8211822121, 6
8128231, 821418 21 chichester, 3, 37,

81211231, 81211216 21 Durham, 3, 44,

211111211111112111111111147.

8128231, Walter, 2102111212, 3, 44.
8122231, 8213111437.

8122231,82111,62611111,221121, 437.

8112312228, 11112111, 211.

811112 Laoc, 117.

82212116, 82821162, 33, 39

8221226, 828211 62, 1282, son 21, 39

8262, 1121121, 163, 167.

82662, Walter, Margaret, 11112 21, 163,
1 7.

8261112111, Thomas, 205, 233.

821122, 219.

821122, 1282, 219

8211211216, 11118221, 57.

82221, John (cs 1111213113.

82241121, Thomas, 117.

8221112, John (16221112), 413, 417.

821, Simon 621, 13.

8211122211, 182 6211212812 21, 219

8216311, 12811, 119‚15r, 133.

8213212, Martha, 147.

Borghershe, 438.

821212121282, 438.

82121212, Thomas, 438.

821212121111112111, 123.

8211381211 1122282822, 333.

8211128121, 811 Thomas, Kt 247 note,
275.

Bourstone, John, 275.

Bover, ’1821112211Τὶ 82221), 197.

8212112 ’12112, 227.

82228121, vid. Bourehier.

82111122 ,,1282 339, 343

823221, 1282, 39.

8236111,828211,167-.171

8111821112811, 193, 197, 461, 462.

8128221112,139

81262, Adam de ,69

8126282812, (1262221112, 81, 83, 87.

Bret, John, 63

812122, Thomas, 33.

81212211, 8111282, 438

81211221111112111, 193,197,223,462.

8121122, 1111112111, 12822112, 1111221,
462.

8111222112, 111 1112311221, 229.

 

