47⁶ INDEX

Halvenden ward, 117, 131, 149, 443, 1111117 11111, 185, 313, 317, 319, 333,
111 33⁵. 111141111111-155, 382
111ωο464» 119117111101131
11111011,1011,107,137,139. 1111111111111, the 1011101457.
111ωο011011, 461. 11111,]111111,173.
Η1111101,111111111,195,197. 1111111111, Τ1011111,145-149,157,163,
1111171101, 1111111165. 171, 469
11111001, John, 237. 111111111105.
11111001, 1101111177· 1111111111105.
11111001, 1111111111, 135, 141, 147. 11111011, John, 65.
1111117071,11111111111, 319 1101171011119.
Η1111111, John, 67. 11011117, John, 406, 411, 415, 419,
111111131011, william, 396, 406, 411, 411.
415,419, 411. 110331111111111463.
1111110111, 111, 386. 110Ιί111011, 1111111111, 63
1111111706, Ν icholas, 464. 1101111111, 1111117, 175, 459
1111111111, 1111117, 13. 1101111111, 1111117, 139
1111111111, 111 Β181 457· 11011111, 5010111011, 89.
11119111, 1101111, 147. 11011111, 5010111011, Alite, wife of,
Harpele, william, 147. 89
111111110111, 361, 386. 110111101101110111, 67.
1111111011, 0111111111 (1111171011), 406· 1101111111, 139
401 1101110111111111511111151111,
111117,811911111(ᾳ111117),135. 114117.
11111711011111103. 11011111, Alexander, 39, 49, 93, 458.
1111110011, 111117, 349, 391, 393 110111111111110111, 51.
11111113461,63,111-115,431. Ηο11111,811711111,9
1111111131, the 3111111101, 63. 11011111,11111111111, 35, 39, 51-5 5, 4581
1111111, vid 1111111. 1101011, Giles, 197, 459, 461.
11111ςά.1111111111411411· 1101111110, 1 ¹191, ¹05, 111, 117, 461
» 1111111111, John, 417, 418. 1111011111, 1111111111 de, 457.
1111111111, William, 115. Hudding, Peter, 29.
1111111, Edmund de, 105, 459 1103111111, John, 65.
1111111, 1111117 de, 458, 460 1111310011101111, 361.
1111111, 1111117 (11, 1111111111, wife 01, 1111111, 0111, 454
458, 460 1111111, 0111,77,111.
1111111, John, 459 1111111, 1111 1, 7.
1117111, Nicholas de, 105, 135. 1111111, Ri 1111711101, 211.
11171, Julian de, 461. 1111111, 111011111111.
1117111111, Thomas, 59. Η11111111311011, william de Clynton
1111110111» 51 El. 0, 47. Ι
1116117, 1101111, 415, 415, 431. 11111110311111, 1111111111, 457.
11111117, 1101111, 1111111111, wife 01’, 11011111, vid. Hortin.
415, 416, 431. 1171116116, , 111-115.
1117311111, 50111, 67. Hythe¹ Β1111 01, 65.
Hem'y H ¹13151⁶191 Η1 29'331441
111, 179. 1111111111,Τ11111111101, 119
1111117111, 137-153, 157, 163-171. 111, Dionisia⁷ 227.
111111711,173-179 111, Thomas, 141.
1111117 111,, 183, 195-199105,109
113111-119, 149. 110011, 11511511 454
fleury v11., 175-177, 180, 183, 197, 111011, 1111111111, 161.
3011091311· 1111111115·

 

