414

Edwards, 1111111413
1114111011111141141
Em 11907111103157

INDEX

Fine, 11010111, 157, 265, 169, 181.
11100101, 11011011, 65.

1111011, 11011011, 403, 4491
11111011,Τ1011111, 337, 361 1631371·

111101, 131111091οτ, 403- -406, 411, 415, 381.

111119114111111111ωό5439

Elis, 1111111111459

1111111441. Qu'een ³94. 111411 10⁵
mmmmmmm

1111141141

1111011011, 1111111110, 457.
England, John, senior, 175.
11311111, william, 119, 127,173.
1719010111,1110110111,65,71-75,79
Eppeloun, 5103110165.

111Ιο1111, John, 464.

1113101011, vid E peloun.
1141111111
11011011070111,117,135,137,143,
149, 163- 167, 171, 173
1101113365

11011, 151.

11111113, Edward, 44.1 .
11110110 (1111101111), 445.

11111111111111111, 177-179

111113 Βο11, the, 406409

1111111310, 110 1110101, 105.

111111 01,]011, 141.

1011011,811ζο11κ1.3,19

1111111361 11 105.

1110111111,15-,17 61, 63, 67, 113,
115, 165,1-85193, 175.

111011111111111107,.17

1110111111, 11110101, 01111111, 17· 17.

11180111111, 1111011 01, 17· 17, 61 ,63,
¹ 1⁹1

1110511111, 1111111101, 67, 69195.

1110111111,Μ170101, 67,69,185-

1 1190111211, John, 195.

10111010119159.

101101111111111, 135.

10111111, William ’de, 6.

1011011, 1101117 (10, 47.

1101101141, 110, 35, 37, 53.

1101101141, Wardens 01 the, 37.

1011310111 110107.

10110, Ν10110101, 65.

Finch, 1111001163, 71, 81- 85, 275.

1111110111, 155

111101 (011111 110011), John, 331.

F 1shmarket, the, 437.

1111- Gabriel, Th0mas,51.

1111- 101011, 80101101(ιῖ 1111101110),

11115-111010111, 11111171

1111- Phili ,1011 7.

1111- 1101101091, 457.

1101131101] John, 211.

Flemuk, 1101101165.

11010100, 83, 85.

111100, 11011011, 161 ,,317

10010, vid 10011111 1100110

100110, 110117, 463

100110, Thomas, 271, 460, 463

10010, 1111111111137.

1 ge, John, 147 note.

10 00411010, 61, 65, 173.

1011011010, Mayor and 11111111 0165.
1011011010, 111111111457.
100111011111] 1001101144.

1011101111111195.

Ford, 1110 1111111 01, 173.

10111,ῦο1111101110, 13

1011110111, junior, 211.

1011110161, 113, 115.

1014111101, 111901 and Bailiff 01, 67.

101011, 11111111, 463

101011, 1111111111, 463.

1011110, Μ11111, 357.

1011107, Thomas, 345.

Francis, John, 63

11111111, Stephen, 355.

1111111111, Thomas, 353, 355, 461.
1111111111 35⁵

Frewin, 011 161.

11111, Ro rt, junior, 111.

110110111110,175.

1111110, 10101 Warine, 464,

1111101, ὣ111ρ61, 165, 169.

1111101, alter, 131.

Fyneux, Thomas, 141

(11111011 Mun, 110, 144. 4
6111011, John, 141, 145, 151, 171, 175

(111171ζῇ john, 441.

 

